0,g1,g2,g3,g4,g5,g6,0.5, 1411390388, 1000, 10,802.7455435201741, 715.997984569938,772.4415637554733, 717.025632931558,667.043220492533, 667.043220492533,702.0089149590034, 684.2641971553048,777.8397247637507, 703.7384563539571,696.4609306106711, 609.5604680223829,
0,g1,g2,g3,g4,g5,g6,0.5, 1411390388, 25000, 100,2938.878225922145, 2547.869760566476,3039.1820227270946, 3039.1820227270946,3038.734489736729, 2858.589496030161,2951.089174447084, 2758.0174209320076,3480.5254695421636, 3030.2747290492707,3025.970987792128, 2747.139910932756,
0,g1,g2,g3,g4,g5,g6,0.5, 1411390388, 100000, 100,2938.878225922145, 2667.1421830460713,3039.1820227270946, 2786.430962507342,3038.734489736729, 2830.0915801630813,2951.0891744470846, 2696.4931299421214,3480.5254695421636, -1.0,3025.970987792128, 2529.905968348214,
0,g1,g2,g3,g4,g5,g6,2, 1411390388, 1000, 10,802.7455435201741, 675.4599102622477,772.4415637554733, 550.9639816965328,667.043220492533, 503.95529056777303,702.0089149590034, 598.2835886045038,777.8397247637507, 713.5047003264013,696.4609306106711, 471.52600269853804,
0,g1,g2,g3,g4,g5,g6,2, 1411390388, 25000, 100,2938.878225922145, 2938.878225922145,3039.1820227270946, 3039.1820227270946,3038.734489736729, 2527.294095017618,2951.089174447085, 2376.094664761898,3480.5254695421636, 2767.8770956847925,3025.970987792128, 2177.677928447329,
0,g1,g2,g3,g4,g5,g6,2, 1411390388, 100000, 100,2938.878225922145, 2164.9883802633253,3039.1820227270946, 3039.1820227270946,3038.734489736729, 2550.671178975739,2951.089174447084, 2546.2454816976306,3480.5254695421636, -1.0,3025.970987792128, 2246.007162541975,
0,g1,g1,g1,g1,g1,g1,0.5, 1411390388, 1000, 10,802.7455435201741, 703.7893753288498,772.4415637554732, 748.982475664013,667.0432204925331, 522.8875412344455,702.0089149590034, 648.8617227327727,703.738456353957, 618.7862024435527,696.460930610671, 647.1822173396176,
0,g1,g1,g1,g1,g1,g1,0.5, 1411390388, 25000, 100,2938.878225922145, 2600.232704471825,3039.182022727094, 2863.6636538800212,3038.734489736729, 2739.1658694922035,2951.0891744470855, 2627.9893680154164,2985.6623682657996, 2630.2481342519213,3025.970987792128, 2594.775405278444,
0,g1,g1,g1,g1,g1,g1,0.5, 1411390388, 100000, 100,2938.878225922145, 2642.2704373998586,3039.182022727094, 2758.95376771645,3038.734489736729, 2630.683946236207,2951.0891744470855, 2657.4553282136335,2985.6623682657996, 2668.5046785715294,3025.970987792128, 2520.0118567231552,
0,g1,g1,g1,g1,g1,g1,2, 1411390388, 1000, 10,802.7455435201741, 664.8051429639212,772.4415637554732, 683.0602573630574,667.0432204925331, 500.72444398677465,702.0089149590034, 557.0413233036884,703.738456353957, 618.7862024435527,696.460930610671, 483.9557874486747,
0,g1,g1,g1,g1,g1,g1,2, 1411390388, 25000, 100,2938.878225922145, 2938.878225922145,3039.182022727094, 2525.6820335410644,3038.734489736729, 3038.734489736729,2951.0891744470855, 2343.320812071137,2985.6623682657996, 2985.6623682657996,3025.970987792128, 3025.970987792128,
0,g1,g1,g1,g1,g1,g1,2, 1411390388, 100000, 100,2938.878225922145, 2206.1857887795945,3039.182022727094, 2280.294322382106,3038.734489736729, 2075.4792244207065,2951.0891744470855, 2237.618457463327,2985.6623682657996, 2113.710204582594,3025.970987792128, 2122.7020814580205,
0,g2,g2,g2,g2,g2,g2,0.5, 1411390388, 1000, 10,802.7455435201741, 802.7455435201741,772.4415637554733, 755.868104048697,667.043220492533, 625.1663572442868,702.0089149590033, 639.7404543767032,703.7384563539571, 637.2102760327305,696.460930610671, 609.4928578393152,
0,g2,g2,g2,g2,g2,g2,0.5, 1411390388, 25000, 100,2938.8782259221443, 2938.8782259221443,3039.1820227270946, 2884.269976709179,3038.7344897367275, 3038.7344897367275,2951.0891744470846, 2951.0891744470846,2985.6623682658, 2985.6623682658,3025.9709877921277, 3025.9709877921277,
0,g2,g2,g2,g2,g2,g2,0.5, 1411390388, 100000, 100,2938.8782259221443, 2751.4390335478683,3039.1820227270946, 2834.4127877973287,3038.7344897367275, 2732.7883835004754,2951.0891744470846, 2638.305532041705,2985.6623682658, 2887.426682025841,3025.9709877921277, 3025.9709877921277,
0,g2,g2,g2,g2,g2,g2,2, 1411390388, 1000, 10,802.7455435201741, 751.7211764360401,772.4415637554733, 755.868104048697,667.043220492533, 544.1216990182651,702.0089149590033, 574.3708063980005,703.7384563539571, 603.5028281763537,696.460930610671, 438.4391955713891,
0,g2,g2,g2,g2,g2,g2,2, 1411390388, 25000, 100,2938.8782259221443, 2938.8782259221443,3039.1820227270946, 3039.1820227270946,3038.7344897367275, 3038.7344897367275,2951.0891744470846, 2951.0891744470846,2985.6623682658, 2985.6623682658,3025.9709877921277, 3025.9709877921277,
0,g2,g2,g2,g2,g2,g2,2, 1411390388, 100000, 100,2938.8782259221443, 2938.8782259221443,3039.1820227270946, 3039.1820227270946,3038.7344897367275, 3038.7344897367275,2951.0891744470846, 2500.6216225410963,2985.6623682658, 2985.6623682658,3025.9709877921277, 3025.9709877921277,
0,g3,g3,g3,g3,g3,g3,0.5, 1411390388, 1000, 10,802.7455435201741, 702.6083475051382,772.4415637554733, 736.9866367064578,667.043220492533, 577.7897048459397,702.0089149590034, 682.9231867917555,703.7384563539571, 703.7384563539571,696.460930610671, 686.9799720949519,
0,g3,g3,g3,g3,g3,g3,0.5, 1411390388, 25000, 100,2938.8782259221434, 2822.414244515978,3039.1820227270937, 2921.35247285118,3038.734489736729, 3026.604418578591,2951.0891744470837, 2855.8019672536125,2985.662368265799, 2914.1000689282396,3025.9709877921277, 2896.5494083435174,
0,g3,g3,g3,g3,g3,g3,0.5, 1411390388, 100000, 100,2938.8782259221434, 2770.953464197741,3039.1820227270937, 2828.11382088532,3038.734489736729, 2853.5965541190767,2951.0891744470837, 2884.3516280222407,2985.662368265799, 2907.683204813298,3025.9709877921277, 2862.20603241059,
0,g3,g3,g3,g3,g3,g3,2, 1411390388, 1000, 10,802.7455435201741, 683.1590470031754,772.4415637554733, 728.9443463659986,667.043220492533, 628.42276418087,702.0089149590034, 585.3172775267304,703.7384563539571, 640.5514056661539,696.460930610671, 585.9741123524594,
0,g3,g3,g3,g3,g3,g3,2, 1411390388, 25000, 100,2938.8782259221434, 2383.878455454301,3039.1820227270937, 2721.921387310372,3038.734489736729, 2599.144487206094,2951.0891744470837, 2677.6322528705628,2985.662368265799, 2833.9638088962142,3025.9709877921277, 2553.918412381349,
0,g3,g3,g3,g3,g3,g3,2, 1411390388, 100000, 100,2938.8782259221434, 2647.0147181232633,3039.1820227270937, 2781.1983454104775,3038.734489736729, 2809.1647313129124,2951.0891744470837, 2693.05073175958,2985.662368265799, 2852.8454103706113,3025.9709877921277, 2680.910724386066,
0,g4,g4,g4,g4,g4,g4,0.5, 1411390388, 1000, 10,802.7455435201741, 512.0219425778803,772.4415637554732, 576.3528729280306,667.1504366486663, 483.54969316072874,702.0089149590033, 637.3645362785768,703.7384563539572, 644.2087926138329,696.460930610671, 510.38275280883715,
0,g4,g4,g4,g4,g4,g4,0.5, 1411390388, 25000, 100,2938.922927194191, 2432.568645266539,3039.2870248888707, 2647.808947079758,3038.7344897367293, 2665.3876927632105,2951.0891744470855, 2618.260559007975,2985.6623682657973, 2598.2651841043216,3025.9709877921273, 2635.2594154002477,
0,g4,g4,g4,g4,g4,g4,0.5, 1411390388, 100000, 100,2938.922927194191, 2485.0433252329804,3039.287024888871, 2603.940023410584,3038.734489736729, 2780.640691011767,2951.089174447084, 2594.8773277682517,2985.6623682658, 2709.3620744168898,3025.9709877921277, 2715.4432711187037,
0,g4,g4,g4,g4,g4,g4,2, 1411390388, 1000, 10,802.7455435201741, 430.07216133993023,772.4415637554733, 644.3080621852683,667.1504366486664, 408.9417701080365,702.0089149590034, 584.46426440084,703.7384563539572, 470.21077868211455,696.460930610671, 467.1511818383067,
0,g4,g4,g4,g4,g4,g4,2, 1411390388, 25000, 100,2938.922927194191, 2148.5464391610853,3039.287024888871, 2343.5486158295785,3038.734489736729, 2218.2528549467256,2951.089174447085, 2291.422372256117,2985.6623682658, 2465.695079860056,3025.970987792127, 2205.4190577468244,
0,g4,g4,g4,g4,g4,g4,2, 1411390388, 100000, 100,2938.922927194191, 2396.6801229093103,3039.287024888871, 2431.4083853656525,3038.734489736729, 2413.115977479018,2951.089174447084, 2320.256514448597,2985.6623682657987, 2336.011815114085,3025.9709877921277, 2157.139880555968,
0,g5,g5,g5,g5,g5,g5,0.5, 1411390388, 1000, 10,844.6496857832165, 802.7455435201741,902.0300724168944, 772.4415637554733,757.5986942550636, 656.563355409588,746.3985223570365, 691.3762394496434,777.8397247637507, 700.1728447239985,796.886238501814, 682.103339549463,
0,g5,g5,g5,g5,g5,g5,0.5, 1411390388, 25000, 100,3312.3273121232805, 2953.3274637297645,3352.955089735107, 2790.2279048689215,3224.307840126012, 3010.7217127782383,3383.289095824415, -1.0,3480.5254695421636, 2970.5419497613702,3330.920396989604, -1.0,
0,g5,g5,g5,g5,g5,g5,0.5, 1411390388, 100000, 100,3312.3273121232805, 2953.3274637297645,3352.955089735107, 2790.2279048689215,3224.307840126012, 3010.7217127782383,3383.289095824415, -1.0,3480.5254695421636, 2970.5419497613702,3330.920396989604, -1.0,
0,g5,g5,g5,g5,g5,g5,2, 1411390388, 1000, 10,844.6496857832165, 772.2086427434882,902.0300724168944, 745.2256832729706,757.5986942550636, 642.3832556542704,746.3985223570365, 598.0717197230927,777.8397247637507, 702.0489060912046,796.886238501814, 735.154321513672,
0,g5,g5,g5,g5,g5,g5,2, 1411390388, 25000, 100,3312.3273121232805, 2924.23221377747,3352.955089735107, 2775.4258793738395,3224.307840126012, 2958.043722876188,3383.289095824415, 2762.1755520862,3480.5254695421636, 2972.89253995337,3330.920396989604, 2813.3047951227345,
0,g5,g5,g5,g5,g5,g5,2, 1411390388, 100000, 100,3312.3273121232805, 2924.23221377747,3352.955089735107, 2775.4258793738395,3224.307840126012, 2958.043722876188,3383.289095824415, 2762.1755520862,3480.5254695421636, 2972.89253995337,3330.920396989604, 2813.3047951227345,
0,g6,g6,g6,g6,g6,g6,0.5, 1411390388, 1000, 10,802.7455435201741, 663.5265439835064,772.4415637554733, 759.1260988245828,667.043220492533, 504.3573840210057,702.0089149590034, 659.0986554747162,703.7384563539571, 634.8471744235032,696.4609306106711, 647.1822173396175,
0,g6,g6,g6,g6,g6,g6,0.5, 1411390388, 25000, 100,2938.8782259221443, 2408.5563668760224,3039.182022727094, 2756.2642363780296,3038.734489736728, 2554.539514772943,2951.089174447085, 2535.8144916508672,2985.6623682657987, 2564.229653056737,3025.970987792128, 2537.271624954527,
0,g6,g6,g6,g6,g6,g6,0.5, 1411390388, 100000, 100,2938.8782259221443, 2535.6100379643854,3039.182022727094, 2613.3342051802865,3038.734489736728, 2594.868808133869,2951.089174447085, 2453.6153069755796,2985.6623682657987, 2535.8636233060433,3025.970987792128, 2565.0968194262005,
0,g6,g6,g6,g6,g6,g6,2, 1411390388, 1000, 10,802.7455435201741, 570.3702092497317,772.4415637554733, 611.8515885504331,667.043220492533, 484.6701147696175,702.0089149590034, 642.2166335085489,703.7384563539571, 571.6866814615928,696.4609306106711, 596.0684760072716,
0,g6,g6,g6,g6,g6,g6,2, 1411390388, 25000, 100,2938.8782259221443, 1979.3774574393842,3039.182022727094, 1978.6926496633125,3038.734489736728, 2018.7448176074508,2951.089174447085, 1914.356428412013,2985.6623682657987, 2070.140302474658,3025.970987792128, 2101.806251009666,
0,g6,g6,g6,g6,g6,g6,2, 1411390388, 100000, 100,2938.8782259221443, 1993.7776550238902,3039.182022727094, 2006.5764252194294,3038.734489736728, 2141.977678864983,2951.089174447085, 1899.5257114212388,2985.6623682657987, 2315.2590682907835,3025.970987792128, 1957.1537503177442,
1,g1,g2,g3,g4,g5,g6,0.5, 607362205, 1000, 10,689.9150132526403, 626.6177413440322,751.0024238227853, 572.1691008699024,735.8770448799887, 697.8119541585281,663.1014833595207, 538.3920797361749,784.7157083890805, 700.0537208260469,830.4753697579227, 706.7318009879209,
1,g1,g2,g3,g4,g5,g6,0.5, 607362205, 25000, 100,2960.6199655047913, 2662.929289594024,2987.349277838725, 2987.349277838725,2895.182263675882, 2632.4815160458024,2897.7210272949856, 2661.3302704117527,3577.1719216148595, 2978.20247561095,2930.670851989311, 2642.9967239412663,
1,g1,g2,g3,g4,g5,g6,0.5, 607362205, 100000, 100,2960.6199655047913, 2707.9195665455727,2987.349277838725, 2649.9082775654597,2895.182263675882, 2719.0528817385734,2897.721027294986, 2713.256814896579,3577.1719216148595, 3048.1022803654355,2930.670851989311, 2567.8740801187273,
1,g1,g2,g3,g4,g5,g6,2, 607362205, 1000, 10,689.9150132526403, 634.6972244169486,751.0024238227853, 572.1691008699024,735.8770448799887, 573.6849627710056,663.1014833595209, 486.34695478877364,784.7157083890805, 685.6645874690346,830.4753697579227, 508.68951774818805,
1,g1,g2,g3,g4,g5,g6,2, 607362205, 25000, 100,2960.6199655047913, 2960.6199655047913,2987.349277838725, 2987.349277838725,2895.182263675882, 2374.65795963773,2897.7210272949856, 2475.8690684914714,3577.1719216148595, 2661.058114743662,2930.670851989311, 2413.8773017882218,
1,g1,g2,g3,g4,g5,g6,2, 607362205, 100000, 100,2960.6199655047913, 2406.543856007932,2987.349277838725, 2987.349277838725,2895.182263675882, 2262.2685018074144,2897.721027294986, 2631.414744205303,3577.1719216148595, 2716.9909228385504,2930.670851989311, 2348.377239337304,
1,g1,g1,g1,g1,g1,g1,0.5, 607362205, 1000, 10,689.9150132526403, 640.2571581821136,751.0024238227853, 598.1326347608637,735.877044879989, 721.605281050888,663.1014833595208, 610.5776766012115,730.3192366767752, 730.3192366767751,830.4753697579229, 830.4753697579226,
1,g1,g1,g1,g1,g1,g1,0.5, 607362205, 25000, 100,2960.6199655047913, 2623.91747257743,2987.3492778387267, 2578.119249787575,2895.182263675882, 2519.6431776235736,2896.911188339579, 2533.4341464832246,3047.1092323211024, 2735.101610648166,2930.670851989309, 2589.7274485958615,
1,g1,g1,g1,g1,g1,g1,0.5, 607362205, 100000, 100,2960.6199655047913, 2580.201877339809,2987.3492778387267, 2730.5286536870053,2895.182263675882, 2576.453755207737,2896.911188339579, 2662.8437853060345,3047.1092323211024, 2777.4438795936735,2930.670851989309, 2597.682256296197,
1,g1,g1,g1,g1,g1,g1,2, 607362205, 1000, 10,689.9150132526403, 545.9934865225513,751.0024238227853, 588.1368463623315,735.877044879989, 585.1282192785089,663.1014833595208, 474.7799631156676,730.3192366767752, 573.7765579264437,830.4753697579229, 606.654467716673,
1,g1,g1,g1,g1,g1,g1,2, 607362205, 25000, 100,2960.6199655047913, 2960.6199655047913,2987.3492778387267, 2987.3492778387267,2895.182263675882, 2895.182263675882,2896.911188339579, 2896.911188339579,3047.1092323211024, 3047.1092323211024,2930.670851989309, 2365.299628595603,
1,g1,g1,g1,g1,g1,g1,2, 607362205, 100000, 100,2960.6199655047913, 2280.5676500513405,2987.3492778387267, 2202.451909349748,2895.182263675882, 2032.1257358274868,2896.911188339579, 2131.2078280535743,3047.1092323211024, 2357.2691618023628,2930.670851989309, 2169.310816980243,
1,g2,g2,g2,g2,g2,g2,0.5, 607362205, 1000, 10,689.9150132526403, 539.768255815454,751.0024238227853, 535.7127932784458,735.8770448799887, 679.473010972499,663.1014833595207, 663.1014833595207,730.3192366767752, 588.8832458174785,830.4753697579227, 610.4278910702067,
1,g2,g2,g2,g2,g2,g2,0.5, 607362205, 25000, 100,2960.6199655047913, 2846.5314182058637,2987.349277838725, 2987.349277838725,2895.1822636758816, 2895.1822636758816,2896.9111883395785, 2896.9111883395785,3047.109232321102, 3047.109232321102,2930.6708519893104, 2930.6708519893104,
1,g2,g2,g2,g2,g2,g2,0.5, 607362205, 100000, 100,2960.6199655047913, 2811.8509531527307,2987.349277838725, 2686.519681575247,2895.1822636758816, 2895.1822636758816,2896.9111883395785, 2667.3303343620273,3047.109232321102, 3047.109232321102,2930.6708519893104, 2650.3478821240055,
1,g2,g2,g2,g2,g2,g2,2, 607362205, 1000, 10,689.9150132526403, 539.768255815454,751.0024238227853, 432.3545389375012,735.8770448799887, 589.0839342287218,663.1014833595207, 577.0370880998985,730.3192366767752, 562.9037184611631,830.4753697579227, 551.7973602451904,
1,g2,g2,g2,g2,g2,g2,2, 607362205, 25000, 100,2960.6199655047913, 2960.6199655047913,2987.349277838725, 2987.349277838725,2895.1822636758816, 2746.1440141773273,2896.9111883395785, 2896.9111883395785,3047.109232321102, 3047.109232321102,2930.6708519893104, 2930.6708519893104,
1,g2,g2,g2,g2,g2,g2,2, 607362205, 100000, 100,2960.6199655047913, 2960.6199655047913,2987.349277838725, 2987.349277838725,2895.1822636758816, 2895.1822636758816,2896.9111883395785, 2896.9111883395785,3047.109232321102, 2916.3348141865863,2930.6708519893104, 2930.6708519893104,
1,g3,g3,g3,g3,g3,g3,0.5, 607362205, 1000, 10,689.9150132526402, 599.5072718106895,751.0024238227853, 630.0436254289235,735.8770448799887, 735.8770448799887,663.1014833595208, 663.1014833595208,730.3192366767752, 611.8434693505909,830.4753697579227, 830.4753697579227,
1,g3,g3,g3,g3,g3,g3,0.5, 607362205, 25000, 100,2960.619965504792, 2845.87576283877,2987.349277838726, 2845.9889013235384,2895.182263675882, 2825.787604357677,2896.911188339579, 2796.7241928452568,3047.1092323210996, 2931.676293937563,2930.670851989311, 2890.7075000466293,
1,g3,g3,g3,g3,g3,g3,0.5, 607362205, 100000, 100,2960.619965504792, 2881.778849513265,2987.349277838726, 2844.6565613325306,2895.182263675882, 2675.0403459318477,2896.911188339579, 2781.2311182454773,3047.1092323210996, 2874.904971349861,2930.670851989311, 2870.0160225387913,
1,g3,g3,g3,g3,g3,g3,2, 607362205, 1000, 10,689.9150132526402, 642.7675978595126,751.0024238227853, 630.0436254289236,735.8770448799887, 643.8864267374875,663.1014833595208, 623.3490789136589,730.3192366767752, 611.8434693505909,830.4753697579227, 830.4753697579227,
1,g3,g3,g3,g3,g3,g3,2, 607362205, 25000, 100,2960.619965504792, 2592.798909272631,2987.349277838726, 2560.1225539851116,2895.182263675882, 2573.041185564862,2896.911188339579, 2588.9098069376178,3047.1092323210996, 2777.2948726835707,2930.670851989311, 2606.1131555316533,
1,g3,g3,g3,g3,g3,g3,2, 607362205, 100000, 100,2960.619965504792, 2637.4751506802936,2987.349277838726, 2584.1136184380657,2895.182263675882, 2547.8551019121683,2896.911188339579, 2661.9609599952973,3047.1092323210996, 2686.6679268318994,2930.670851989311, 2784.3075659880687,
1,g4,g4,g4,g4,g4,g4,0.5, 607362205, 1000, 10,689.9150132526402, 618.8612999099055,751.0024238227853, 583.8946926933181,735.8770448799888, 735.8770448799887,663.1014833595207, 493.726041784715,730.3192366767751, 693.3512130728164,830.4753697579227, 695.7902117901239,
1,g4,g4,g4,g4,g4,g4,0.5, 607362205, 25000, 100,2960.6199655047926, 2601.4245313259826,2987.3492778387254, 2642.8470582501595,2895.6088843517023, 2452.9237783813724,2897.7210272949856, 2603.470216430991,3047.379010399198, 2836.650601360386,2930.9380499403105, 2544.2033795189654,
1,g4,g4,g4,g4,g4,g4,0.5, 607362205, 100000, 100,2960.6199655047926, 2597.1043688501845,2987.3492778387267, 2595.1500656300423,2895.6088843517023, 2481.4190666967975,2897.7210272949865, 2616.130671731916,3047.3790103991996, 2828.1092995213926,2930.9380499403105, 2614.0601493336435,
1,g4,g4,g4,g4,g4,g4,2, 607362205, 1000, 10,689.9150132526402, 578.998477661244,751.0024238227853, 499.77352024473413,735.8770448799888, 432.241299512288,663.1014833595209, 528.1641566202743,730.3192366767751, 370.8946204138134,830.4753697579227, 641.9564327165953,
1,g4,g4,g4,g4,g4,g4,2, 607362205, 25000, 100,2960.6199655047926, 2390.7609906629405,2987.3492778387267, 2374.0325650554264,2895.608884351701, 2155.9833648867416,2897.7210272949865, 2428.390858555382,3047.3790103991983, 2374.006902465768,2930.938049940311, 2314.721596830032,
1,g4,g4,g4,g4,g4,g4,2, 607362205, 100000, 100,2960.6199655047926, 2449.214821617248,2987.349277838726, 2148.997008968166,2895.6088843517014, 2145.499656786835,2897.721027294986, 2240.865439460361,3047.3790103991987, 2442.651643799493,2930.938049940311, 2247.873863485034,
1,g5,g5,g5,g5,g5,g5,0.5, 607362205, 1000, 10,783.0179083288987, 689.9150132526402,796.7275042586044, 751.0024238227853,778.9127944965308, 647.7876213134371,668.9099688988176, 663.1014833595208,784.7157083890805, 730.3192366767752,911.392160529153, 786.0937073443503,
1,g5,g5,g5,g5,g5,g5,0.5, 607362205, 25000, 100,3418.5294985182913, 2975.182137365131,3374.1910187699923, -1.0,3293.226760665328, -1.0,3255.876356079171, -1.0,3577.1719216148595, 3051.8878350027644,3292.745885997045, -1.0,
1,g5,g5,g5,g5,g5,g5,0.5, 607362205, 100000, 100,3418.5294985182913, 2975.182137365131,3374.1910187699923, -1.0,3293.226760665328, -1.0,3255.876356079171, -1.0,3577.1719216148595, 3051.8878350027644,3292.745885997045, -1.0,
1,g5,g5,g5,g5,g5,g5,2, 607362205, 1000, 10,783.0179083288987, 662.7256690537444,796.7275042586044, 713.9488518365512,778.9127944965308, 647.7876213134371,668.9099688988176, 663.1014833595208,784.7157083890805, 654.7566565085644,911.392160529153, 811.2471389696614,
1,g5,g5,g5,g5,g5,g5,2, 607362205, 25000, 100,3418.5294985182913, 2966.5727904186156,3374.1910187699923, 2827.718872272553,3293.226760665328, 2751.435352236465,3255.876356079171, 2596.3359373871253,3577.1719216148595, 3038.638319615363,3292.745885997045, 2936.3610658877765,
1,g5,g5,g5,g5,g5,g5,2, 607362205, 100000, 100,3418.5294985182913, 2966.5727904186156,3374.1910187699923, 2827.718872272553,3293.226760665328, 2751.435352236465,3255.876356079171, 2596.3359373871253,3577.1719216148595, 3038.638319615363,3292.745885997045, 2936.3610658877765,
1,g6,g6,g6,g6,g6,g6,0.5, 607362205, 1000, 10,689.9150132526402, 557.7497195747588,751.0024238227853, 648.2400282964212,735.8770448799888, 586.4804716578033,663.1014833595208, 575.1008726905263,730.3192366767752, 504.3285559384355,830.4753697579227, 622.3722517891983,
1,g6,g6,g6,g6,g6,g6,0.5, 607362205, 25000, 100,2960.619965504793, 2489.6847680116753,2987.3492778387263, 2586.092221959553,2895.1822636758816, 2582.219397791136,2896.911188339579, 2366.661935182456,3047.1092323211014, 2709.785057500994,2930.670851989311, 2651.761350726732,
1,g6,g6,g6,g6,g6,g6,0.5, 607362205, 100000, 100,2960.619965504793, 2528.495894643367,2987.3492778387263, 2627.411610786572,2895.1822636758816, 2621.7909763837206,2896.911188339579, 2495.836450725412,3047.1092323211014, 2712.364041623765,2930.670851989311, 2503.516892087135,
1,g6,g6,g6,g6,g6,g6,2, 607362205, 1000, 10,689.9150132526402, 519.8663693672586,751.0024238227853, 608.7188498222442,735.8770448799888, 530.2394696611896,663.1014833595208, 575.1008726905263,730.3192366767752, 509.5112419816048,830.4753697579227, 537.0945426115248,
1,g6,g6,g6,g6,g6,g6,2, 607362205, 25000, 100,2960.619965504793, 2018.9876727098222,2987.3492778387263, 1746.5868093148622,2895.1822636758816, 1982.995460077962,2896.911188339579, 1967.4621013035544,3047.1092323211014, 2387.2705821045047,2930.670851989311, 1971.7505913961015,
1,g6,g6,g6,g6,g6,g6,2, 607362205, 100000, 100,2960.619965504793, 2133.6108745744127,2987.3492778387263, 2167.6923399110688,2895.1822636758816, 2084.170965563981,2896.911188339579, 1942.4052388460038,3047.1092323211014, 2411.596402739655,2930.670851989311, 1991.1884380576664,
